
QNHTL:EE:70,957,65,976,60,995,55,1013,50,1032,45,1051,40			//EE5000

QNHTL:EF:75,943,70,960,65,978,60,996,55,1013,50,1031,45,1051,40			//EF5000

QNHTL:EKCH,EKRK,EKRN:85,943,80,960,75,978,70,996,65,1014,60,1032,55,1051,50	//EK5000
QNHTL:EK:65,943,60,960,55,978,50,996,45,1014,40,1032,35,1051,30			//EK3000

QNHTL:ENBL,ENFL,ENSD:95,943,90,960,85,978,80,996,75,1014,70,1032,65,1051,60	//EN6000
QNHTL:ENAS,ENSA,ENSB:85,943,80,960,75,978,70,996,65,1014,60,1032,55,1051,50	//EN5000
QNHTL:EN:105,943,100,960,95,978,90,996,85,1014,80,1032,75,1051,70		//EN7000

QNHTL:ESUT:125,943,120,960,115,978,110,996,105,1014,100,1032,95,1051,90		//ES9000
QNHTL:ESND,ESNQ,ESNZ:95,943,90,960,85,978,80,996,75,1014,70,1032,65,1051,60	//ES6000
QNHTL:ES:85,943,80,960,75,978,70,996,65,1014,60,1032,55,1051,50			//ES5000

QNHTL:ULLI:70,945,60,980,50							//ULLI
QNHTL:ULMM:70,979,60,1014,50							//ULMM
